1.614419000   0.042413000   -0.004357000   0.000019000   0.000025000   
1.656832000   0.038056000   -0.004338000   0.000044000   0.000021000   
1.694888000   0.033718000   -0.004294000   0.000065000   0.000023000   
1.728606000   0.029424000   -0.004229000   0.000088000   0.000019000   
1.758030000   0.025195000   -0.004141000   0.000107000   0.000022000   
1.783225000   0.021054000   -0.004034000   0.000129000   0.000015000   
1.804279000   0.017020000   -0.003905000   0.000144000   
1.821299000   0.013115000   -0.003761000   
1.834414000   0.009354000   
1.843768000   
